-3.132039841762248216e+02
-1.208830189572881437e+02
-1.898954078844046478e+02
-6.004841561561760273e+02
-7.581336838965823972e+02
-6.097963144583377471e+02
-9.756718331832778404e+02
-3.682484450810632381e+01
3.380152333846152146e+01
-1.147653888172641246e+02
-1.870556777592283879e+02
-6.071283162667209865e+01
-2.691957957225604332e+02
-1.561095448491282127e+02
-2.989102527122386732e+02
-9.185493413720872979e+01
-4.312213311336327024e+02
-1.016870035572430311e+02
-4.829704335551078742e+01
-5.806979900208331173e+02
-2.377618230141140998e+02
-5.294415290298625223e+02
-4.200750037324636992e+02
-2.905984446883497867e+02
-4.502037047938654268e+02
-6.730766330436619000e+02
-6.461493047735060600e+02
-3.769763060490805628e+02
-4.471673587696466257e+02
-4.435786917429203982e+02
-4.146115495058251668e+02
-6.040756672456860770e+02
-3.884083906298354236e+02
-5.373312465969233926e+02
-4.558376474545848964e+02
-5.236605141383513455e+02
-4.485062360124449583e+02
-3.647460088391500221e+02
-3.646245974016968034e+02
-3.409765972282967823e+02
1.849961184838086865e+02
-4.588946531276910150e+02
-3.581306606701982105e+02
-3.252209947151262668e+02
-2.863428165839277426e+02
-1.192591306873913197e+02
-9.554049853945276993e+01
7.437621216065952012e+01
-5.334452382040541352e+01
-1.001371002094720239e+02
-9.232943779014156860e+01
-6.007610923262716796e+01
-9.130279992768686270e+01
-1.044224922181469140e+02
-4.080856537967233777e+01
-1.159449636258818543e+02
-8.404776037234820762e+01
-7.537509970750595301e+01
-9.694758729502522954e+01
-1.391049679541192177e+02
-2.415582687136272568e+02
-1.602796541241055195e+02
-1.597924900417754657e+02
-1.541698975051334060e+02
-1.666371196741554854e+02
-1.563729864630556960e+02
-1.095626948088744541e+02
-1.603094642720499792e+02
-1.424799969447423678e+02
-5.774613933451140468e+01
-6.993983092454307382e+01
-7.346941126462193949e+01
-5.427356221578240536e+01
-5.619643308450231700e+01
-8.252709577577007849e+01
-1.527264243111558812e+02
-1.236946578055970178e+02
-1.588030573358124116e+02
-1.303598459612626641e+02
-1.875648203881041240e+02
-1.924046512603293877e+02
8.601590311285016810e+01
1.786563270430435750e+02
1.810145121532093526e+02
1.225852063519161987e+02
-1.475505348379444683e+02
7.520720246747636395e+01
9.924531544624774426e+01
-4.449653205320542071e+01
-2.670608313097665132e+02
-1.246773436152867021e+02
-1.287376393679222133e+02
-5.931769658684920898e+01
-8.086731900396456751e+01
-1.203665732696441637e+02
-1.568745146205799870e+02
-1.043352376599816296e+02
-1.405304314830136718e+02
-1.187617199431316237e+02
-1.172321697632411315e+02
-1.039959774089612239e+02
-9.430340247295980305e+01
-1.740081876477780156e+02
-1.091815591132756254e+02
-1.177561167306867134e+02
-1.194275401657312443e+02
-9.509371136473093600e+01
-9.969833414401323068e+01
-9.500987353796121226e+01
-7.465625711906834283e+01
-8.070927326180212447e+01
-8.379240428605618263e+01
-1.294728403745260152e+02
-6.301893018630391907e+01
-5.425773480758359568e+01
-7.933847608395348061e+01
-7.724676082973813607e+01
-9.452876793755098106e+01
-1.137695523024574129e+01
-7.485538029280007777e+01
-7.746726464193061190e+01
-7.158817806602027645e+01
-7.714534871875972044e+01
-3.398106437774502808e+01
-5.699717655536747429e+01
-6.786991366979395934e+01
-6.076259956617724356e+01
-3.815789580377024492e+01
-8.688469700794550477e+01
-7.983787847524909864e+01
-7.721243735349875692e+01
-1.078421871129270357e+02
-3.940044105654233420e+01
-1.005133734529756850e+02
-1.385268803950148992e+02
-4.231624100899014707e+01
-1.095941852056306942e+02
-1.043468808025163099e+02
1.503951782126424348e+02
-6.093790647911436054e+01
-5.083260821616427449e+01
-1.134252329674432218e+02
-1.140860150302428622e+02
-9.202289097322427835e+01
-5.711294460533351725e+01
-5.700433435450861452e+01
-9.146495869785644572e+01
2.173952299152894625e+02
-1.116932415061253465e+02
-9.184145276997554674e+01
-9.319135268645595715e+01
-7.019859081055923866e+01
-1.217627984401870407e+02
-8.639494317861198169e+01
-3.795138946714207151e+01
-7.303190059840852655e+01
-8.578820674716780559e+01
-9.293024813118977079e+01
-3.021222662933203651e+01
-1.302516103250988522e+02
-5.945877084253549327e+01
-1.035317663765396361e+02
-1.105393096643982460e+02
-1.036256280828492926e+01
-5.108321606366295953e+01
-9.428308559539767941e+01
-1.058121399274532450e+02
-6.224274571866919814e+01
-6.523307027350303144e+01
-8.364834912779961940e+01
-4.120850781743771307e+01
-1.236345862210857689e+02
2.183182807046368801e+00
-9.635650707396327164e+01
-6.800197706882497073e+01
-3.404879611312543375e+01
-6.842579121572899226e+01
-2.811747091758077488e+01
-7.107820646336385551e+01
-6.784341437401624830e+01
-5.238988719503915803e+01
-5.924763671742110915e+01
-9.212890294708365957e+00
-6.193216979772595465e+01
8.707769116023063916e+00
-7.565206868966596687e+01
-3.919971788077712205e+01
-3.921323063814883625e+01
-2.918825748198690917e+01
3.358073428372767566e+00
-5.624214331217305585e+01
-4.985621043818758835e+01
-4.110594744410460777e+01
-1.697039626909615606e+01
-2.238812669540621769e+01
-4.114209126044141129e+01
-5.496353092196303436e+01
2.324914095586955654e+01
-2.907470683823982327e+00
2.810050371607708897e+01
2.525440568162312047e+02
2.605445360987844197e+02
1.633545729692205555e+02
2.703580809854620384e+02
-1.160321266855507929e+02
-4.124324222733401513e+01
-3.729609560720579253e+01
2.729424574910042338e+02
2.879922757674288505e+02
2.248738778220174481e+02
2.076244643007201489e+02
1.649880089096161271e+02
-8.539308383747962239e+01
-7.364922761587796174e+01
2.185272900653352508e+02
2.661478326301732977e+02
2.489568821222351573e+02
2.408044420333043831e+02
-6.206764001341560544e+01
2.707836163312366580e+02
2.587586848740736514e+02
1.023825068929812261e+02
2.381072537068903898e+02
1.874082622846821664e+02
1.889648409663240614e+02
2.488852661196841041e+02
2.404650486943507417e+02
2.197049231046516411e+02
-3.402013664688634975e+01
2.118084293337985855e+02
2.371819535387122357e+02
2.525639407930167692e+02
2.169667733184716667e+02
2.581759659844050816e+02
-1.921426720487531270e+01
3.151160954664293712e+01
-4.072164019878333363e+01
1.051392730233614259e+02
1.824499907013711208e+02
6.942724478448553782e+01
-5.085045164614567170e+01
1.180000767750486546e+02
2.404704617004589124e+02
2.834111574836469138e+00
2.315984043527526239e+02
2.159168160811589132e+02
1.995923918830975197e+02
2.371612884153961431e+02
2.407121792989810274e+02
2.454841560834481982e+02
2.272031394771632620e+02
2.512634561971938751e+02
2.505928322669341242e+02
2.096752090861585032e+02
2.159238538905995597e+02
2.518259704805372223e+02
2.422955218232132779e+00
2.502058761842548620e+02
2.465332683298121026e+02
2.392542958785488167e+02
2.166104153392868170e+01
2.345305183852443918e+02
2.651503588108139411e+02
2.332368124624257746e+02
2.486712557810954252e+02
2.146370326240392785e+02
2.563671341467371008e+02
2.437494211330603093e+02
2.461156954285508220e+02
2.423425219000740469e+02
2.683984045622142389e+02
2.394311705563461317e+02
2.296255551996584074e+02
2.629574406317773878e+02
2.441072851943865487e+02
2.473979402063607438e+02
2.334050336550172062e+02
2.976399388174939986e+02
2.083136905803343666e+02
2.365910748776233277e+02
2.858553105217714574e+02
2.467303231848573830e+02
2.643544789134750204e+02
2.745674996755315078e+02
2.495189843969491790e+02
-9.968754495823315409e+00
2.490865011315856634e+02
2.587124180092601478e+02
1.982150813821367592e+02
1.549613801374539719e+02
1.951187989609169051e+02
2.885395573718918740e+02
2.715672133354597690e+02
2.442869824167217701e+02
2.238667630676559668e+02
2.298274166353020007e+02
2.372039279051748508e+02
1.728280774371751534e+02
2.846067730480252749e+02
2.311821082970175496e+02
2.489546665418193356e+02
2.574064233116331479e+02
2.333511413653946249e+02
2.599913589215444745e+02
2.646606209457594332e+02
2.847283894228306735e+02
2.520272734176879226e+02
2.025342580550883440e+02
2.807438912522943610e+02
2.347963578964174189e+02
2.620782115849538059e+02
1.937885980089357645e+02
2.751299238711592352e+02
2.720418801611804156e+02
2.752029035731588920e+02
2.724078791467850920e+02
8.007759039961658232e+01
2.932616727562308370e+02
-8.578081211011244989e+01
2.244106953563153297e+02
2.612294295879000856e+02
2.780206195441783166e+02
2.516108718249364529e+02
2.818701368995244820e+02
2.625554551920521362e+02
2.689369565758372573e+02
2.890147572422297344e+02
2.634841018480848334e+02
2.530218005219963402e+02
2.506368546683144984e+02
2.660301049856219606e+02
2.902573371068352799e+02
2.658074022230577498e+02
2.602130420583459909e+02
2.670772067929662512e+02
2.769650388356203621e+02
2.637683511839903190e+02
2.599304024170124308e+02
2.700061389909524792e+02
2.442721028897744020e+02
2.753574853213195865e+02
2.673321599019272981e+02
2.532296660605516081e+02
2.599215203469091193e+02
4.889451298837988702e+01
2.568816852448629788e+02
3.306340401635537773e+01
2.329850758609747174e+02
2.746904133337239955e+02
2.595715111977920060e+02
2.555153047689747723e+02
2.571679872195595635e+02
2.602170930705618730e+02
2.475547100492985919e+02
2.663103764467934980e+02
2.382785503683678598e+02
2.547208385343570853e+02
2.505273412830873667e+02
2.302837875532772216e+02
2.434912819444156185e+02
2.440536591161905164e+02
2.578658239739554574e+02
2.866933068848323956e+02
2.557440057004956770e+02
2.482084566309655145e+02
2.548894761019969337e+02
2.688514325010323773e+02
8.280664647505926723e+01
2.634539976804319394e+02
2.384353501160224766e+02
2.697416391896273353e+02
2.350018919072276162e+02
2.594571706172043264e+02
2.354926648749531637e+02
2.614487708401881605e+02
2.782147849745272197e+02
2.830390424430615894e+02
2.454673030328946481e+02
2.436834309683139281e+02
2.719324563235430787e+02
2.741435237527441586e+02
2.637625113862770831e+02
3.267978722456146556e+01
2.667313120359190179e+02
8.528647587624201165e+00
2.383029313301159959e+02
2.326408079216096780e+02
2.310169703431497510e+02
2.577287543302409176e+02
2.963232494718554335e+02
2.399194214289718161e+02
2.893986699867874677e+02
2.702044761337458567e+02
2.621296964558616764e+02
2.403206909022713376e+02
2.761109367885056827e+02
2.340789268142628430e+02
2.689302274131407557e+02
2.391910071304581038e+02
2.507678792441005271e+02
1.026231555636463071e+02
2.501296910669224758e+02
2.899082530588184454e+02
2.242228326239534226e+02
2.594864670520643131e+02
2.270343320898518868e+01
1.755731944418120634e+02
2.361527302192148170e+02
2.757246429763084734e+02
2.601014409051562666e+02
2.135474962005457371e+02
4.966515645161712200e+01
6.641358464448279619e+01
2.026267280603717609e+02
2.790835065501443069e+02
2.252966841672105431e+02
2.733140273656627528e+02
2.409899747920782147e+02
2.106190855457968496e+02
2.537162795510933222e+02
7.309474349540963090e+00
2.960737713748706028e+02
6.455580304983135420e+01
2.074023048078806255e+02
7.811864205783791704e+00
2.359990947465644808e+02
2.636139731880930412e+02
3.409259343590122171e+01
2.373909745283964980e+02
2.948018636049401948e+02
2.440841668289888560e+02
2.161145748404829021e+02
2.532420834392635527e+02
2.768650083002928568e+02
2.429299335807602063e+02
2.778415148230199065e+02
2.783777776249428371e+02
2.340722736264168589e+02
2.430986489589018049e+02
2.614818463508465811e+02
2.415630690056395053e+02
-1.069299501027695953e+01
2.651791244420946896e+02
2.596013813272201105e+02
2.602743414261432235e+02
2.256665422827304894e+02
6.633509611585873245e+01
2.784079632386454932e+02
-1.469167006328918035e+01
2.400126122560459976e+02
2.571846523981483870e+02
2.360292820741631203e+02
2.857902646153885939e+02
1.735881227363126982e+02
2.455213894984077854e+02
2.366944170841000528e+02
5.490057594869753643e+01
2.270418054623104638e+02
2.577678350000229557e+02
2.769082461990792012e+02
2.498079454007237530e+02
2.375353720077687001e+02
2.460746292092016461e+02
2.648453343862647102e+02
2.175688569295788284e+02
2.560111963980098437e+01
-3.813710801048402743e+01
2.261315884688202971e+01
2.780333921350658102e+02
-1.231248887935533673e+02
-3.205354917409975712e+01
2.267091715126179565e+02
2.247144052326547694e+02
2.362460889900940231e+02
2.772813627916215182e+02
2.786638576524580913e+02
2.433969642160094509e+02
2.258148205704404745e+02
2.483081719031335979e+02
-2.306277141198943070e+02
2.278541671937794604e+02
2.232261083391558145e+02
2.614728762171623657e+02
2.437207232793440994e+02
2.720143399305670187e+02
1.449507613069000058e+02
2.403728138225515352e+02
2.556027153756635926e+02
1.972903481029309489e+02
2.332464531432993908e+02
2.556878283551554034e+02
6.171428290679997986e+00
2.364465624335593645e+02
2.341407936097622269e+02
2.078935140606475898e+02
2.846643580120153842e+02
2.513634273191122475e+02
2.579525677333228941e+02
-6.517769934937764020e+00
2.194184184628234107e+02
2.621849400969985595e+02
2.295375916866703392e+02
2.112157043800862084e+02
2.443532051631748345e+02
2.061059833299368051e+02
2.165643067421235060e+02
2.681947723108745549e+02
2.690291409450138644e+02
2.475186601571559208e+02
2.266649734297878922e+02
2.403816258212653452e+02
2.654046972349612474e+02
2.310628670872126804e+02
2.250769724461581518e+02
2.495629771701822790e+02
2.522226055928902611e+02
-1.614093864481678224e+02
2.654778607371656562e+02
-2.139801988673567621e+02
2.561149114113316614e+02
2.729022653101267224e+02
2.610412875131152646e+02
-1.473947078788619365e+02
2.543809786847826899e+02
2.147036727429444909e+02
2.626169969432762628e+02
2.852263420372324845e+02
2.538885995793719133e+02
2.465454490786081010e+02
2.738180830334645179e+02
2.446056494657702558e+02
1.721580134691498358e+02
2.224424036279346524e+02
2.694706021123246273e+02
2.305075938340607422e+02
2.909701174135711881e+02
2.837768848919466791e+02
3.170708407874681711e+01
2.713704864354044730e+02
2.581059059592403173e+02
2.515631507804910996e+02
2.307866434057391700e+02
2.362646911396002736e+02
2.286768895486222277e+02
2.394921967948044141e+02
2.294667430281983513e+02
2.353200905479195910e+02
1.615023011746251314e+01
2.592884650009693814e+02
2.469161427676289122e+02
2.314728626459581164e+02
2.683072272493482160e+02
2.462009254175832211e+02
2.413344559714311970e+02
2.275380290766624967e+02
2.328824787421641247e+02
2.691938997892221437e+02
2.617711967458863569e+02
2.621664720640051200e+02
2.501313620473183050e+02
2.076166768306196673e+02
2.344427200242679987e+02
2.043177882411729058e+02
2.686905660264662288e+02
2.418984540919832114e+02
2.480094334376539109e+02
2.325799924469028497e+02
-1.647318811855635943e+02
2.526260756279833117e+02
-1.380837885238722151e+01
2.612799130972282455e+02
2.116978783775192596e+02
2.362298487592486822e+02
2.800410376946970246e+02
2.532164707583954169e+02
2.541245116706986380e+02
2.372713962901800926e+02
2.417101322006652140e+02
2.476712369365564541e+02
2.380229079872422346e+02
2.252489863405316441e+02
2.711468017622667048e+02
2.198734896226737874e+02
2.433990015437056798e+02
3.220832809645881412e+01
2.333252394485093362e+02
2.728463688829174316e+02
2.182635114596489814e+02
2.577103738129450790e+02
2.364977979745598304e+02
2.462096567301707921e+02
2.560120029313644068e+02
2.661444693207677403e+01
2.462192948539176882e+02
2.711928059407273395e+02
2.828819388295376598e+02
2.655794570900297913e+02
2.529068544965691956e+02
2.360535173617904832e+02
2.557825373476006519e+02
2.246949134835341795e+02
2.638022096392757589e+02
2.293866582243514074e+02
2.793984726440268673e+02
2.507740320496688469e+02
2.401538341799596594e+02
2.429141798333241695e+02
2.494081289973996718e+02
2.425048073387195871e+02
2.466866245431214679e+02
2.562009065389679563e+02
2.086200812545501719e+02
2.496428057715569651e+02
2.371931272641526505e+02
2.712861292891045650e+02
2.503082264877814396e+02
2.479369665404479406e+02
2.251432369094812316e+02
2.659550843856975177e+01
2.607969128672518764e+02
2.094877357429473079e+02
2.751242234721477189e+02
2.402751144393504319e+02
2.804932187793170328e+02
2.397823411525963877e+02
2.378576969426570713e+02
2.242219485454791652e+02
2.692958634357669325e+02
2.554887790644177983e+02
2.121901950052058226e+02
2.492370607929906328e+02
2.332563635865406297e+02
2.465908551734709420e+02
2.544028977558526208e+02
2.840545607045138468e+02
2.749103455962722364e+02
2.445479106002991614e+02
2.331461418620173447e+02
2.565368113635299210e+02
2.269389411669539527e+02
2.352020849057935266e+02
2.107447545154564068e+02
2.815158428948185474e+02
2.644130927364592480e+02
6.374359626881144436e+01
2.713679407652379609e+02
2.194217273662592333e+02
2.774941678689402238e+02
2.516827636791338705e+02
2.656398075091238979e+02
2.536298813792529927e+02
1.829358840929194514e+02
2.385302903142556943e+02
2.644029218004595805e+02
2.218870572855457226e+02
2.862458758137346422e+02
2.645133900629343771e+02
2.689693918158785664e+02
2.788728275983453955e+02
2.293869475277099355e+02
2.804806345265053551e+02
2.701393230888179460e+02
2.653044673871559098e+02
2.785620594245720554e+02
2.754300504394126392e+02
2.595365982379274215e+02
2.591157380363578113e+02
2.589095655566559913e+02
2.179287819837423967e+02
2.625232079602733393e+02
2.117502416134526584e+02
2.585992035559495434e+02
2.515886673045198449e+02
2.778808899596591004e+02
2.736170542630376872e+02
2.603282532596114152e+02
2.577662476532651681e+02
2.803558008390752434e+02
2.953635179454068407e+02
2.414185147075219788e+02
2.800648267268061318e+02
2.717301206879038773e+02
2.815777213853602916e+02
2.988700308886128596e+02
2.683748694871608222e+02
2.539047261041814920e+02
2.171032470767848679e+02
2.234283979077822551e+02
2.706994567218059728e+02
2.437397282612795095e+02
2.563491369485668088e+02
2.429779158486217909e+02
2.636528658971199661e+02
2.386086489611663808e+02
2.605431976610095717e+02
2.528295841297896800e+02
2.764962697352300438e+02
3.034544740905872686e+02
2.450199650703081318e+02
2.685211709287654003e+02
2.601431522722581349e+02
2.738933180849589917e+02
2.367208038603121452e+02
2.586248662458554577e+02
2.222529777222183611e+02
2.781101963356615556e+02
2.408280806240617835e+02
2.698199454871111129e+02
2.776626286252360956e+02
2.860244128152826306e+02
2.651541233073083959e+02
2.390514469440788048e+02
2.540710838403650769e+02
2.514443150475660502e+02
2.417230403003810295e+02
2.928903354213817920e+02
2.931338139434247978e+02
2.384679997615143066e+02
2.551538580290671234e+02
2.566040277112329022e+02
2.603908342485142953e+02
2.672609215008478714e+02
2.596524492283471659e+02
2.486456542426336682e+02
2.397745503855929030e+02
2.259731087255092916e+02
2.401794397703541506e+02
2.669175666841124439e+02
2.949430405114410974e+02
5.551363857326475681e+01
2.535282521085190695e+02
2.950472821313742315e+02
2.675165034331257630e+02
3.140581786414712724e+02
3.135872579224633228e+01
2.790686993013002848e+02
2.694778718602248091e+02
2.617486911005869388e+02
2.599559054753593159e+02
2.818188963753926259e+02
2.568364060897773697e+02
2.783375963808775850e+02
2.834086877050226008e+02
2.610836475050663239e+02
2.888454593901353746e+02
2.701380223509787584e+02
2.496473491141800309e+02
2.651533183327536563e+02
2.272605903642266298e+02
2.693980092370847501e+02
2.277420072785070602e+02
2.464216603333446471e+02
2.939383889640453162e+02
2.651557103842411038e+02
2.978945181597395049e+02
3.056336774773144498e+02
2.594020841744072072e+02
2.621096315982295550e+02
2.888165053627291172e+02
2.931012325757195640e+02
2.860018361868621355e+02
2.677244052405676484e+02
2.473458337004855139e+02
2.278194206349200499e+02
2.995993834261619213e+02
2.725037498234131590e+02
2.840632697319001068e+02
3.045806475198729686e+02
2.786750555953657340e+02
2.629249953466568286e+02
2.323458874214782952e+02
2.318616452066991371e+02
2.565399715190819734e+02
2.753991669172710317e+02
2.807342769809233118e+02
3.073231428031890573e+02
2.761630570444482373e+02
2.717546519842848056e+02
2.997648084024095283e+01
2.812493545817640097e+02
2.635582020181330449e+02
3.028407904536409205e+02
2.890755095906753240e+02
2.831893131937341650e+02
2.456836309803118468e+02
2.451232563075878090e+02
2.295254849862771778e+02
2.903247747890441133e+02
2.832285427073101118e+02
2.777954825440746163e+02
5.084422450583525688e+01
2.538615903232341111e+02
2.509954105329751712e+02
7.496289419263715104e+01
8.609559626765232565e+01
2.044475834516778718e+02
2.757328526876021897e+02
2.733378454555696067e+02
2.906698002004882255e+02
2.448312117679412836e+02
2.744282710548983459e+02
2.443493012569965970e+02
2.486650868081920862e+02
2.563115496268176798e+02
2.463876318735719053e+02
2.845335678129272878e+02
7.651563365521786864e+01
3.068711889108325863e+02
2.951417042865381291e+02
2.542443531001658812e+02
7.262258494960849475e+01
2.989610178243588052e+02
2.621136819458382661e+02
2.564408871027960117e+02
3.022070296255423045e+02
2.901677052690405390e+02
2.408573516522131968e+02
2.763171997632539387e+02
2.705220299810499114e+02
2.524549848708533375e+02
2.718692135936647674e+02
3.027405788590091902e+02
2.584113947149991191e+02
2.765471071372494407e+02
2.738002312256947448e+02
2.438952257570869051e+02
2.760173282907164207e+02
2.391012870431287922e+02
2.824037627174778891e+02
2.667727438892143255e+02
2.895689378523443338e+02
2.496354591729069625e+02
2.027165700587425192e+02
2.448935937768139866e+02
2.557233340097974121e+02
6.292884155687011116e+01
2.634824787289778669e+02
2.486796301180118292e+02
5.300426901332014040e+01
2.455369773650282639e+02
5.106761746172171001e+01
2.728918468618821862e+02
2.584700633401640744e+02
2.272082436894977207e+02
4.176180839256926447e+01
2.483834615137423611e+02
-1.834151318557748311e+01
2.450042232461703122e+02
2.455419908361570549e+02
2.862195932476211055e+02
4.478595179522017133e+00
3.171451233296301098e+01
2.573486170190446387e+02
2.383081060772032629e+02
7.890365214083340106e+01
3.283484692493797752e+01
2.581441484404359130e+02
-3.117927459447145111e+00
2.009630140051494607e+01
2.561343748152082753e+02
2.442838170710743668e+02
2.513936249183163909e+02
2.520349876724094713e+02
2.946631308268968610e+02
2.439718692467251913e+02
2.456975590915666317e+02
2.527560842316641470e+02
8.185508209495876031e+01
2.682376088829156515e+02
2.576867236479196208e+02
2.628496214177711749e+02
2.668674675145506399e+02
2.380458043971696895e+02
2.783152972776396155e+02
2.380617995411705863e+02
2.463831280882713202e+02
2.664986701714631749e+02
2.132650935590648089e+01
2.613345049496373917e+02
2.745049922987786886e+02
4.149013741909146624e+00
2.878545725997863087e+02
2.525790829623490197e+02
2.249419589860043800e+02
2.625333210565537456e+02
2.516191456208113095e+02
2.555299306644434694e+02
2.779615457241278591e+02
2.809950741412548041e+02
2.766590187306215967e+02
2.587870173251494634e+02
2.629755313560061154e+02
2.362374367830137203e+02
4.985584263954510220e+01
2.576637853292281761e+02
2.525647417228312008e+02
2.738104955464571617e+02
2.744698098249125451e+02
2.442440166689702323e+02
2.695628993715639581e+02
2.383347520020671482e+02
2.607449654237374261e+02
2.470373284376877621e+02
2.650799271430205408e+02
2.491706317204096308e+02
2.864560634897052864e+02
1.532308156592215198e+01
2.565897531840871011e+02
2.134690436465603511e+02
2.830861799440225468e+02
4.101358451186089837e+01
2.739620453160328566e+02
2.554510906472211218e+02
2.719266879966082797e+02
3.617447368243716710e+01
2.029745948998026392e+02
2.462654743772501149e+02
2.721883444081915968e+02
5.190819962253709718e+01
2.676011432707128961e+02
2.472881528584938451e+02
2.656812557935012364e+02
2.325927421029144284e+02
2.619273643431010896e+02
2.790440644069269069e+02
2.374649026008547708e+02
2.519011290119103705e+02
3.191221948295310540e+01
1.289728254185919809e+01
1.717337700623100716e+01
2.554997490294497027e+02
2.458198022369787736e+02
-1.670632040534196960e+01
2.256417200334144297e+02
2.694755530214705459e+02
6.222037004307117058e+01
2.549468744084865079e+02
3.319215002335837994e+01
4.680084977725920226e+01
2.641246754315397425e+02
5.160914231111232198e+01
4.497880579272180057e+01
2.462232108058710196e+02
2.372700691249149259e+02
2.826011000116284322e+02
2.516340939286821765e+02
2.618645570944429437e+02
2.728503546984185277e+02
5.704726559425870391e+01
2.671825649448660442e+02
2.589169713034822280e+02
7.516549983650961053e+00
2.692482044463862394e+02
2.978542937647549138e+01
2.601206309716554870e+02
-5.786016455347052556e+00
2.748835804716525786e+02
2.809680272997904922e+02
2.831747488452279526e+02
6.616188546945295457e+00
2.697054462913498583e+02
2.478911138393749525e+01
2.409008653316265907e+02
2.678068963050535558e+02
2.372866949641543499e+02
2.500652812886115726e+02
-2.701912638753790930e+01
2.600222322545495217e+02
4.901446883847773961e+01
2.406032828661480778e+02
2.478973304353736751e+02
2.971445620228445819e+02
2.154959473424221414e+02
2.137998122050888696e+02
2.419410532623541883e+02
2.401981433445639595e+02
4.766528901165600018e+01
2.939557626212914556e+02
2.845980036100302186e+02
2.225996560726754865e+02
3.574182829240200476e+01
2.912691467604309992e+02
2.930801980125690420e+01
1.488523724793600422e+01
2.180912378764762138e+02
2.838911188804109997e+01
2.635405493693452286e+02
2.375447313981102866e+02
1.461028832085864906e+02
2.666927518077043260e+02
2.336499491031507318e+02
1.536728618931437040e+01
2.551586172039203859e+01
2.355900174930743276e+02
2.308880627417624396e+02
2.481118707161617465e+02
-2.772515497603666290e+01
2.553692450666144111e+02
-2.111534044271068922e+01
3.623218145395694023e+01
2.498605331674104946e+01
-8.172198860530343723e+00
6.406464735964610213e+01
2.696145519938712596e+02
1.218075139888989611e+01
2.326249761364636583e+02
4.623268578648540483e+01
1.586205160853251073e+01
2.753231162832292966e+00
3.194664954709972449e+01
-1.657867248760338441e+01
-1.803844879076577001e+01
5.196813246932458696e+01
6.496072176408961241e+01
5.162110113685997703e+00
2.924338477536115306e+02
-1.686878775735773672e+01
-1.003886202877022527e+01
-1.002846363413028996e+01
4.460641827289347816e+01
2.924081486735542512e+02
5.641251379256135579e+01
2.763599010166678340e+02
1.276806085505744193e+01
-4.809415143608154608e+01
-5.770238101132463271e-01
2.544136830191989418e+01
2.641774635991113200e+02
2.488039317444474250e+02
5.915405113409937599e+01
1.742562747721541427e+01
-8.799103262890869814e+01
2.034839602255401303e+01
2.433332041268000978e+01
-1.029395166528726691e+01
-1.035529300284846954e+01
1.873079194856276786e+01
-1.407240827633317792e+01
-1.374915221196776827e+01
-9.020860965417482191e+01
2.628634877070322773e+01
-5.668601023985197429e+01
-5.177250545213510691e+00
-4.063833655466935113e+01
2.290209032957674253e+02
2.910469708671953413e+02
7.143702344295556372e+01
-1.352583067225936020e+00
-1.049552549990219319e+02
5.420019151841538019e+01
-9.173314550001995826e+01
-2.239032005044218465e+01
-6.037170372054816880e+01
-5.815431650130577168e+00
4.743577581919674913e+01
2.841330145511878982e+02
-2.447390711595311075e+01
-4.670557188761726053e+01
2.992124981373070796e+02
-1.984650916255330344e+01
-9.867584694954321378e+01
-1.637192875095539080e+01
-1.162896648766366070e+01
5.938391204785597211e+01
2.650900916884600633e+01
-1.123990731369167406e+01
-6.958858355580986199e+00
3.961807414831227447e+01
-6.340739720380683764e+01
-4.133769146092589608e-01
-1.567634646646334318e+02
-2.077573051623727451e+01
-5.795452702429771108e+01
-8.284586653190308425e+01
2.970697412398280335e+02
3.544636608416780632e+01
2.514186816646535192e+02
5.363506992685717023e+01
-1.510412132344598035e+00
-5.325605262417714414e+01
-3.025018018478385784e+01
-1.473959463649740087e+01
-6.475867395727192388e+00
1.273660102603290056e+01
-6.240546937885261514e+01
3.992136156888625464e+01
4.334224495354419560e+01
-4.277510393951907730e+01
-2.773401117810381322e+01
-2.617339589412972600e+01
-3.079101880518095413e+00
3.036388480326533568e+02
2.621075583574034908e+02
3.044626299108512058e+01
-1.583960998387502173e+01
1.250885211575963751e+01
-6.755448259731676330e+01
2.637651685823645664e+01
-3.949121067633106463e+01
-6.430395685226275759e+01
-4.917637686324008683e+01
-2.584613330844914003e+01
8.598988049186445437e+00
1.073400588383717036e+01
7.974777971184562375e+01
-3.814291842135560273e+00
1.006332736294112351e+00
-2.091423734067912505e+02
-1.499393228831402212e+02
1.973262430130199618e+01
2.391290672727100741e+01
-1.017160250400070254e+01
-8.216184207498429259e-01
-8.627873814869005287e+00
2.853443842947265807e+01
7.381745028062653091e+00
-2.967041185050307206e+01
-4.167694621590911197e+01
-7.387564562225898612e+01
1.090361452990042324e+01
-1.661612428989043906e+02
-4.133039797895709455e+01
-5.437088191819157856e+01
-3.770660659815936810e+01
-2.989220040072310667e+02
2.410457676489948255e+02
1.539628086559531539e+00
-2.006960843474412570e+01
-4.778702139523484504e+01
-3.972978372650995738e+01
-1.731378560925129761e+02
2.623632704921840286e+01
3.368984962775911640e+01
-2.031691615553384622e+01
-1.724291461792773816e+00
-2.911362881498264699e+01
-9.467399688224772092e+01
-1.298820700459442889e+01
2.249502768104289885e+01
3.781965969787609083e+01
-1.367063782196636623e+01
-1.559517621304820523e+00
-2.354570527985548267e+01
2.513173426965875024e+01
-9.145059207043118477e+00
3.530006848044564549e+00
1.819228895825499137e+01
2.770642054924479680e+00
-1.826494716177390387e+01
2.771049961306819114e+02
-5.681850410664657858e+01
2.076172992576854881e+01
-2.389218092578104802e+01
-1.945467285386907008e+01
-4.171368631214874512e+01
-4.695861308436705883e+01
2.131530197664474713e+00
-3.230170724348930378e+01
-3.662258788332628967e+01
6.705276944909971348e+01
2.839502330425889909e+01
3.960514606744283128e+00
-1.346207679516936651e+01
1.572771818875907002e+00
-9.987579893274670439e+00
-1.232809932983441570e+01
2.624059610763468697e+01
1.583539271567701689e+01
-3.273732885406894866e+01
3.583072449444529184e+00
-2.163040607706532512e+02
1.801514989358393848e+01
-2.020394830054718227e+01
-2.378000078922147509e+01
1.022566340009626629e+01
2.800625779519779712e+01
2.408121925264702270e+02
5.619570230682913348e+01
2.193453574460124855e+02
1.184003875288495067e+01
-7.522000919902822602e+00
2.317721500912184922e+02
3.907578065765591191e+00
-6.929286533530614633e+00
2.535228466549570499e+02
2.738390903801423804e+01
-3.308714306361011381e+00
8.461568685299084791e+00
6.062097094465883629e-01
1.725172042400330952e+00
-3.673690211108838355e+01
-2.346214510165874856e+01
-1.223301113804747331e+01
3.044036078979104332e+00
2.706932321643483874e+02
-6.589285546318507159e+00
-1.362087439900397783e+02
8.811324395327062575e+00
3.701961293449443247e+01
1.645890026347478852e+01
-2.212816875631577318e+01
2.497567411001971038e+02
-1.361433048843124993e+01
3.047068983588047786e+00
-1.919879906977264739e+01
2.413730564388481241e+02
1.778358653589542371e+01
2.202815341069313604e+01
2.500942604514298466e+02
6.388020086695473765e+01
2.508838496720287026e+01
-9.248436402140569612e+00
2.440264078167808748e+01
2.139831007194732138e+01
2.282899591798064023e+02
-2.434179871152608143e+01
-1.395674138623371618e+01
2.361527077250222248e+02
2.666786627863682213e+01
2.946256346158378392e+01
2.253645617627708191e+02
1.834158075112186737e+01
4.409931121616409655e+00
1.405262001270406813e+01
5.458145756282655725e+01
2.484987626906736580e+01
1.756598572128780233e+01
2.461326378327763678e+02
1.685662748316995874e+01
3.211065047805161043e+01
4.706194321437189387e+01
-8.780618132766278450e+00
3.393750325275678392e+01
2.415377279561224952e+02
2.585972698626211752e+01
1.683939829410496714e+01
2.629256701124533038e+02
2.032149998951714451e+02
3.519947660700705683e+01
-1.102343281226397664e+01
2.619944653418269809e+02
-3.472502522423077664e+01
3.162113450339560927e+01
2.447234732167690083e+02
3.237127173872997332e+01
1.939040526470695625e+01
1.569991994259976309e+01
1.403199167728658381e+01
2.027929425986683327e+02
8.262621560969037660e+00
2.881578554439059872e+02
2.684146238224715262e+02
3.950014437706985859e+01
4.894563043009836178e+01
2.794202894022892565e+02
-2.783339579815669396e+01
2.511503140880878391e+02
2.570198890813793469e+02
3.528706633848983643e+01
2.694870259151653045e+02
2.645064061313617003e+02
1.538544742481262517e+01
2.055063328861273533e+02
2.487301191237594367e+01
6.877488970465321927e-01
8.367854977683145989e+01
5.436943106305915308e+01
2.452461169403686370e+02
2.764270822270633516e+02
3.162560694436268705e+01
4.122615399459502328e+01
1.639496448948882517e+02
1.434462654137291793e+01
2.381663654371828329e+02
2.939268277830032048e+02
2.457388917289409846e+01
-1.760332825322392125e+01
2.619849403179048295e+02
2.373978295500570823e+02
3.003475123729547249e+02
2.404541092441261583e+02
1.297803894954085990e-01
2.100349645125086226e+02
1.901267524111408989e+02
2.439749239174054196e+02
3.520426495227442842e+01
-8.036275228314079300e+01
2.930293519455778437e+02
2.432181352267386387e+02
-8.110483003934507451e+01
-5.491829244194304493e+01
-8.544689250435895644e+01
-1.520794605228570333e+02
-7.144250132483770699e+01
1.752869564161751441e+02
2.621122585705570600e+02
6.575005100695881310e+01
2.643882591223514282e+02
1.825311008251350415e+02
2.501107435157419161e+02
2.931543614371366289e+02
5.147363708636083857e+01
2.126696001054870635e+02
1.349274908894625469e+01
2.759419704136264500e+02
2.388010188221884675e+02
-1.711709454149809631e+02
2.872275925773340077e+02
6.855667420220177632e+01
1.584167165222556832e+02
2.157069729757625112e+02
-2.236831378073570775e+01
-1.874644064946124900e-01
2.331281898628249678e+02
2.377656120253273855e+02
7.031361848869329023e+00
2.413681700314704983e+02
2.355773009474538355e+02
2.770813255709043119e+02
2.897351526950524203e+02
2.614702127147926376e+02
2.402235622328512079e+02
2.720567175149856212e+02
1.824173455686484431e+02
2.404234724354803063e+02
2.802568474095536430e+02
-1.217608925305922298e+02
2.608242795739400890e+02
2.403523437183010003e+02
2.480973702797202236e+02
1.911255659671624585e+02
2.182305466692557729e+02
2.531058439515476550e+02
2.537539084294860743e+02
2.224035594930906541e+02
1.810197726991939930e+02
2.172698428593562880e+01
2.526999864616456364e+02
3.216795899833627459e+01
2.692620534294748040e+02
2.590080753748172810e+02
2.353669352764124199e+02
2.499090869180770937e+02
2.390984259547489899e+02
2.457691433196453374e+02
-4.760306567189321214e+01
2.807336209043746749e+02
2.509761058754550902e+02
2.088873323331844745e+02
2.851190331412602745e+02
2.751256778365954005e+02
2.634490229889057673e+02
2.814672368695287332e+02
2.659139396100079011e+02
2.802419828558760742e+02
2.338799385541396703e+02
2.734020913440878644e+02
2.518173890370299262e+02
-4.286151553004761183e+01
2.611007403841969108e+02
-7.504452673800935258e+01
2.627145055945908894e+02
2.358901726778429122e+02
2.504179967122815071e+02
2.867919375893287111e+02
2.502318335269193881e+02
2.623045621066190733e+02
2.806533179482271976e+02
2.617212451472895509e+02
2.686270813536198716e+02
2.670380803024327179e+02
2.814160997448942680e+02
-2.573578412672556226e+01
2.539523866130438989e+02
2.700776811636216053e+02
2.470062939782851572e+02
2.261970682567637141e+02
2.417017334129023141e+02
2.512766500730802761e+02
2.649129259126799525e+02
2.688169567947196015e+02
2.752773201566425314e+02
2.850067635015899441e+02
2.933009864975675782e+02
2.893195256713694334e+02
2.836851013293862707e+02
2.591446737885443099e+02
2.458754764612584154e+02
2.816795671026989112e+02
5.261895410718088328e+01
2.487543629762319881e+02
2.498474335340608263e+02
2.708933204123923133e+02
2.521684148672888455e+02
2.492654914791698388e+02
2.859746181952237407e+02
2.755512478258818874e+02
2.639790524287668632e+02
2.691349539518304823e+02
2.535401517613809119e+02
2.658215240407378133e+02
3.093166459445245664e+02
2.152634780441993314e+02
2.406862950511326744e+02
2.606028526367531413e+02
2.715165491335876595e+02
2.624392783599301424e+02
2.764951304373497578e+02
2.647369320493507985e+02
2.538155050868670060e+02
2.303017380908521829e+02
2.431533313435061530e+02
2.872346929231117088e+02
2.584002971712203589e+02
3.684309017607398573e+01
2.661545286425484278e+02
2.670536557509984164e+02
2.576233092229865633e+02
2.814141031171839131e+02
2.271275367892789347e+02
2.550476925499987999e+02
3.277969266553304806e+01
2.579804477437969012e+02
2.558807396220202008e+02
2.454939505370043662e+02
2.731965835206298152e+02
2.541571593566538638e+02
2.826517686138404315e+02
2.492113955485844201e+02
2.448443708751203189e+02
2.682175703929171959e+02
3.106473876554150593e+01
2.458076845948758944e+02
2.737658960816002036e+02
1.133763586183396654e+02
2.633072864843670686e+02
-1.578609208755964630e+02
2.618324113153870485e+02
2.754562756775829939e+02
2.623795504719214478e+02
2.489351168578663192e+02
2.468264245800735068e+02
2.731350479572210475e+02
2.824567381201308649e+02
2.390945076178533668e+02
2.349521726879373773e+01
2.479629137243111643e+02
2.719907359548428758e+02
2.785487551549720706e+02
3.016878713498447837e+02
2.452321607426214314e+02
2.612275242050818633e+02
2.554013624464261909e+02
2.705228344587007996e+02
2.403728286159730487e+02
2.701392338122133197e+02
2.805388117060821287e+02
2.457373016377551380e+02
2.641020594957209937e+02
2.651818823349846070e+02
2.595295528649367611e+01
2.856970850563238287e+02
2.299353201246590572e+01
2.498045541284189426e+02
2.105251981440674740e+02
2.251896370707967492e+02
2.743115055625880814e+02
2.323270831747117597e+02
2.579747644214309616e+02
2.108037258363101500e+02
2.783368690465813415e+02
3.043686300406916416e+02
3.182921761016951905e+02
2.443308098186928419e+02
2.752552183934376444e+02
2.346889385777715233e+02
2.395268865615032894e+02
2.803363843496375694e+02
2.413468858392390359e+02
2.574536475008941352e+02
3.004931729496736352e+02
2.710240836732610887e+02
2.866860721092834297e+02
2.564217536184469282e+02
2.566315780075316866e+02
2.034518659197723309e+02
2.931880262116002314e+02
2.640398220360197001e+02
2.783166219417931870e+02
2.839149972807754239e+02
2.762619597024773839e+02
2.224087314218775475e+02
2.570453151528827220e+02
2.662815768178774078e+02
2.855069949761092403e+02
2.625633906835200833e+02
2.505542926863957121e+02
2.680491737370543888e+02
2.640357702902094843e+02
2.741977760141041927e+02
2.853851239120298828e+02
2.886573695814422535e+02
2.266487074527972254e+02
2.854388675772461283e+02
2.629808777519362479e+02
2.507548571987642276e+02
2.679758397149577149e+02
1.475212062271469904e+01
3.011156008721261514e+02
2.392717887867245281e+02
2.726555502037320480e+02
2.613198602288123311e+02
2.709560798177401466e+02
2.662149655024714434e+02
2.706100810726677537e+02
2.467910466115405086e+02
2.654041865874647783e+02
2.626431336242832231e+02
2.901283958552600097e+02
2.474367690616258244e+02
2.635937453721321617e+02
2.152052468364722131e+02
2.848350678408572776e+02
2.424979849287992124e+02
2.436055417578899380e+02
2.582554420060354232e+02
2.180833341094688649e+02
2.662027279455869575e+02
2.580996283014043229e+02
2.512290132148835085e+02
2.812780201835968228e+02
2.787292659436990903e+02
2.483250543444383425e+02
2.556777189161959143e+02
2.177670754015082366e+02
2.534994828686054689e+02
2.447265343421323962e+02
2.806541861418849066e+02
2.858686891666870906e+02
2.526094874646086055e+02
2.288055282657872453e+02
2.661651601410462717e+02
2.895653161594722178e+02
3.030987202573998616e+02
2.964516874444018413e+02
2.743371182884334303e+02
2.807469950203197868e+02
2.461556247087650888e+02
2.583628550263636043e+02
2.838286587904951261e+02
2.634157108481430782e+02
2.885735361312313785e+02
2.867533596904138449e+02
2.834148916587199665e+02
2.928046164834617002e+02
2.694682883554026489e+02
2.648877828041738667e+02
2.619517238559471934e+02
2.785831631885987463e+02
2.837505271151449051e+02
2.610511009888788294e+02
2.470726567203669788e+02
2.666348911603432725e+02
2.957792079870946509e+02
2.713886155777108797e+02
2.564721038250455649e+02
2.761488601621447856e+02
2.553890586158904341e+02
2.702478065205842199e+02
2.929154632643477498e+02
2.810973731719452076e+02
2.447856037997516410e+02
2.738222004247699601e+02
2.716670569968462701e+02
2.659016883925634716e+02
2.570395415728287389e+02
2.632419191392938274e+02
2.757097996711283372e+02
2.733496022286929588e+02
2.591119091397051193e+02
2.776075427744212902e+02
2.877196452692759863e+02
2.626719607602589122e+02
2.667351740520230692e+02
2.740653997152752481e+02
2.760421279186624020e+02
2.766088784351425716e+02
2.696117231773809522e+02
2.380715033110985814e+02
2.558839983916271592e+02
2.612779352149234455e+02
2.494982096084426075e+02
2.816493207815827873e+02
2.980079490335920127e+02
2.511377915951214845e+02
2.870438659921373983e+02
2.582546354482747688e+02
2.616350609916374879e+02
2.880398370326961413e+02
2.476874306346589094e+02
2.785997344713986195e+02
2.417239603627774898e+02
2.959518522831899645e+02
2.546349244144635406e+02
2.697427841307766130e+02
2.860202751174049922e+02
2.909543482000192398e+02
2.416876711229890304e+02
2.649454774433322655e+02
2.720802139622152254e+02
2.341054344634257518e+02
2.898664745248848931e+02
2.817428134749778792e+02
2.635341798609772468e+02
2.678675897344044188e+02
2.539515918714119493e+02
2.814757653926251351e+02
2.332860062642350840e+02
2.790242612432433589e+02
2.813222148958610660e+02
2.793840578507102919e+02
2.664811077974419504e+02
2.783798882736881524e+02
2.681585928021783047e+02
2.535978445154536303e+02
2.808922060565325864e+02
3.071690171758643828e+02
2.456663754315394499e+02
2.682315960600010385e+02
4.839155405579373337e+01
2.502744565929243379e+02
2.378293754636149799e+02
2.538344894757622967e+02
2.508488482771995507e+02
3.799138271907136755e+01
2.690691038029488027e+02
2.474844358975224168e+02
2.535386440791958762e+02
3.077231859030499663e+02
2.388744860260591736e+02
2.539390319707311789e+02
2.707723354321827856e+02
2.840609096878364426e+02
2.529893775886566232e+02
2.573489857747204042e+02
2.733128682303745904e+02
2.581949678773990513e+02
2.630559567415080551e+02
2.546372584329876076e+02
2.483003072523021615e+02
7.514647224456774666e+01
2.634699952617364147e+02
2.496610884430040471e+02
2.923010399233563703e+02
2.613044337214672623e+02
2.340388300820788174e+02
2.626688278218773007e+02
2.603380995939004947e+02
2.462928157663444040e+02
2.814785706802616687e+02
3.214499658334281094e+02
2.392261581844647651e+02
2.779815404046237290e+02
2.520585756622267013e+02
2.822685843922733397e+02
1.985188688197166869e+02
2.817064287444583215e+02
2.537839975158809409e+02
2.538498832818756341e+02
2.515575457455873618e+02
2.547472337651720977e+02
2.403355817361440927e+02
2.560630427457145970e+02
2.517462471036597833e+02
2.533913893956526522e+02
2.387004878695718162e+02
2.536210798964480944e+02
2.610222708938639471e+02
2.972301548493766177e+02
2.654377812866397903e+02
2.687789995742500651e+02
2.411679602675670822e+02
2.595673624245562223e+02
2.846224518401079422e+02
2.605476463409816006e+02
2.559086477774622210e+02
2.412744574757054465e+02
2.637150243721239349e+02
2.454536210480277703e+02
2.487172457541900030e+02
2.971092860578696673e+02
2.678580243165880006e+02
1.573847421637285038e+01
3.026477323480841051e+02
2.761395992353407109e+02
2.512197422006079535e+02
2.485766369107248579e+02
2.277898754819734677e+02
-1.514517813429474984e+02
2.533444774294601416e+02
2.217691555997922137e+01
-1.360047900285489675e+01
2.255621574714664348e+02
5.954445806521164286e+00
2.894007361359913375e+02
-4.783055908953357971e+01
2.645937359080420492e+02
2.866567319004833507e+02
2.202884367300372332e+02
2.583559487574610785e+02
-1.492499101342132519e+02
-3.247346037262113327e+01
2.165889690123934201e+02
2.327082726473857122e+02
-5.568125422395554835e+01
-1.511765834017939198e+02
3.134895387678901102e+01
2.330527123643049094e+02
3.795279056882077384e+01
2.763397477256357888e+02
2.827948929167770302e+02
2.426694488808956862e+02
2.597152835163892632e+02
2.629264426358441824e+02
1.527489656999369458e+02
2.534051190416930126e+02
2.501689718417462132e+02
-1.021804144810158874e+02
2.304825060365184868e+02
-7.105138126851363722e+01
-2.654696935890601139e+01
2.363953048352325084e+02
1.954574583591859493e+01
2.590521592043533019e+02
5.373400044337182635e+01
-2.816782694208023941e+01
2.491505797167705794e+02
-1.073397469342081934e+02
-6.148203476804651046e+01
2.422831535478875935e+02
-4.426873680784353837e+01
2.450610158746650313e+02
2.920223337481187968e+02
6.111009420914655266e+01
-1.126209899179899594e+02
-6.872173289685866848e+01
2.516492094216657733e+02
2.756716949892190769e+02
2.477744889006399660e+02
2.616771248211549619e+02
2.536088680381524512e+02
2.797424861758628367e+02
2.398379414556454776e+02
-8.287488844178881209e+00
2.892029147287471460e+02
2.980057386063616036e+02
-1.129916962752830187e+02
2.507702347058295800e+02
2.537012726988286602e+02
2.601092751491763693e+02
2.513152810103708816e+02
2.751740523697692993e+02
2.776901724676483809e+02
-2.093254492757960179e+02
2.317034068936852975e+01
2.542579390581768450e+02
2.819924276081477501e+02
3.012285750814556877e+02
-3.934444571022520876e+01
2.759929245849240260e+02
2.750120096615293619e+01
2.789828520428582124e+02
2.656636178830884774e+02
1.027798825018298601e+01
-8.683134064399160934e+01
-1.440901593455667467e+02
4.083826329614385031e+01
-1.210499232779682188e+00
-1.753697501531468390e+02
-2.026986365721020320e+02
9.619815719624838835e+00
-2.297033372474797090e+02
2.747966825167320621e+02
8.959648263283511938e+00
2.726238727297351261e+02
-1.117233850957100572e+02
-3.582720249182709438e+01
-1.975327053518279854e+02
-5.324057557099251881e+00
-1.879633482133003213e+02
1.973998424113073327e+02
1.465935074186588452e+02
2.325168159424605108e+01
2.410442885169599379e+02
2.368122217008596806e+02
1.897587064266227230e+02
1.683418847852291833e+01
2.573069239530548202e+01
-1.120704059709655667e+02
6.193666310691810395e+00
-2.052030536634135842e+02
-2.387829269571238058e+02
1.880670770842816353e+01
2.304008373095801687e+01
-2.818676826258058554e+01
-2.605691712649892224e+02
-7.676064468454114831e+01
-1.553310874370147303e+02
-1.694833380508992207e+02
1.752596634180554247e+01
2.902119864709721924e+02
2.622478405799013217e+02
2.634942386502577847e+02
-9.245708294484302314e+00
2.186037201631372113e+02
-2.001566853958624392e+02
-5.218347954591836242e+02
-1.283454419648802229e+02
2.674542192502385660e+02
-6.323791721712396452e+01
2.604068398604554204e+02
-4.837803430418474591e+02
-1.805694998792641002e+02
2.864394515146807407e+02
2.624499719978934422e+02
-4.399376186735987915e+01
3.340951930898066280e+01
2.434210028187236503e+02
2.075908106666653339e+02
-1.710002885040704257e+01
2.886608724670551851e+02
2.522748855342149454e+02
-1.878674698491949471e+02
1.772271259134415686e+02
2.428787878832579281e+02
2.596292512184526800e+02
2.528684110544606085e+02
2.377994637902690442e+02
2.869753239380484047e+02
2.587001841975156822e+02
2.579895911744595196e+02
2.593335138755753633e+02
2.561038656756883825e+01
1.768159639087596702e+02
5.670732072622962505e+01
6.687097957040035112e+01
3.214801513440585268e+01
2.528245052311285690e+02
-2.870447235518423668e+01
2.412782122375035954e+02
2.290389005483447704e+02
-1.550212890822615464e+01
2.774170378810727300e+01
2.467571527947731056e+02
2.503600320792287164e+02
1.146144738638006686e+02
2.747808366487356579e+02
2.535743387355779817e+02
2.577413869666769983e+02
2.651245019140345676e+02
-3.604347275067993195e+01
2.404956544524470416e+02
1.493813623062607121e+01
2.534175228759041261e+02
2.139276425802401604e+01
2.326460013769910518e+02
2.352237905625920860e+02
5.742926885674307869e+01
2.350382628480713549e+02
2.465407883576686459e+02
2.517914384836170427e+02
-2.270434413092724526e+02
2.625838454521618246e+02
-2.367965681419777582e+02
2.567365089085340060e+02
2.471446527186801632e+02
2.745803913493464279e+02
1.410238027293807761e+02
1.335163496472688394e+02
2.820753417318238689e+02
-1.632852253411291770e+02
5.356576540116023466e+00
2.772457266252154113e+02
2.658598420059516911e+02
-1.519400284850301830e+02
2.683702015748021381e+02
2.611446599455990167e+02
2.207768651309014842e+02
3.674524300868100113e+01
2.880273500535048470e+02
2.827529023157662209e+02
2.636499783940294037e+02
2.612504335753949363e+02
2.839637121918372031e+01
1.967999594339069915e+02
6.133031810558549068e-01
-1.658377698782171592e+02
-3.096315613678171985e+01
2.696014547774456673e+02
5.392930047886540024e+01
-1.846521677907020376e+00
2.358851616873553496e+02
2.449478730680403373e+02
1.751252691582713794e+01
1.988557462243019529e+02
1.845036167873375348e+02
-1.211928472407382174e+01
2.543630380158444098e+02
2.120605577737931355e+02
2.866410158517968512e+02
3.055684174275990017e+02
2.430059398207538379e+02
-1.345374210168871798e+01
1.989986367322996443e+02
2.515057770833754205e+02
2.493097981607295992e+02
2.483039550086037650e+01
2.771069661546478642e+02
2.765322422698778269e+02
3.036547332486143205e+02
3.760000202348982157e+01
2.030991915578020723e+01
2.408459127790038394e+02
2.668504815146879992e+02
2.816987668888202734e+02
1.931273625178784812e+02
1.333679819473741190e+01
2.821199428845450257e+02
3.480607871729608860e+01
2.466176983117952943e+02
2.465653814490559057e+02
9.557498458710142586e+00
2.637426859014633465e+02
2.533032826642592852e+02
2.998360489036023750e+02
2.626690613091874411e+02
2.434964903092600537e+02
2.934629319147238107e+02
3.024318211902714211e+02
5.718926142614529340e+01
3.762520487222718657e+01
2.536442158923219097e+02
2.854414189691887032e+02
4.024633806175120299e+01
2.176858403046174431e+02
2.728000515602891483e+02
2.653360668507739888e+02
2.605064098815673788e+02
2.203189013062468007e+02
2.563548518156558202e+02
2.601890253864729630e+02
2.613664394870986598e+02
2.149399537066211110e+02
2.453009048591596297e+02
2.885678491428343477e+02
1.789595550738596330e+01
2.801350162451506094e+02
2.846270922976042357e+02
3.053420192340864787e+02
1.095040947706418422e+01
2.495502791562576590e+02
2.613508876419642775e+02
2.800527936436469645e+02
2.602375476482195609e+02
2.517803065009861143e+02
2.880426185178469041e+02
2.799571298261864740e+02
2.877291349761686092e+02
8.766133523882729151e+00
-4.541034575026017706e+00
2.969121173082843370e+02
2.895675302340990811e+02
2.786996971550667013e+02
2.792437295598407445e+02
2.713460168245906061e+02
-1.973558280156055389e+00
2.809676749806624798e+02
2.829777440885128499e+02
2.380018071585837731e+02
2.450956773554173651e+02
2.746190401823336060e+02
2.611175226931783300e+02
2.795678055543673963e+02
2.538546662515119294e+02
-3.664578692597814324e+00
1.140306205715731380e+01
2.625127066915396767e+02
2.807050418336184521e+02
2.383507123023720737e+02
2.844528769712583198e+02
2.734137715079033342e+02
2.609457505594541544e+02
3.225118528285315733e+01
2.909633499365704097e+02
2.885090550695449565e+02
2.616272655241073153e+01
2.654438274836201117e+02
2.360919541392520387e+02
2.842282212283723766e+02
2.634834348777130799e+02
